0.0,tcp,http,SF,54,0,0,0,0,0,0,1,0,0,0,0,0,0,0,0,0,0,1,1,0,0.0,0.0,0.0,1.0,0.0,0.0,10,10,1.0,0.0,0.1,0.0,0.0,0.0,0.0,0.0
0.0,udp,http,SF,64,0,0,0,0,0,0,1,0,0,0,0,0,0,0,0,0,0,1,1,0,0.0,0.0,0.0,1.0,0.0,0.0,10,10,1.0,0.0,0.1,0.0,0.0,0.0,0.0,0.0
0.0,tcp,http,SF,1514,0,0,0,0,0,0,1,0,0,0,0,0,0,0,0,0,0,1,1,0,0.0,0.0,0.0,1.0,0.0,0.0,10,10,1.0,0.0,0.1,0.0,0.0,0.0,0.0,0.0
0.004,tcp,http,SF,1514,0,0,0,0,0,0,1,0,0,0,0,0,0,0,0,0,0,2,2,0,0.0,0.0,0.0,1.0,0.0,0.0,10,10,1.0,0.0,0.1,0.0,0.0,0.0,0.0,0.0
0.0,tcp,http,SF,54,0,0,0,0,0,0,1,0,0,0,0,0,0,0,0,0,0,1,1,0,0.0,0.0,0.0,1.0,0.0,0.0,10,10,1.0,0.0,0.1,0.0,0.0,0.0,0.0,0.0
0.011,tcp,http,SF,1514,0,0,0,0,0,0,1,0,0,0,0,0,0,0,0,0,0,3,3,0,0.0,0.0,0.0,1.0,0.0,0.0,10,10,1.0,0.0,0.1,0.0,0.0,0.0,0.0,0.0
0.019,tcp,http,SF,204,0,0,0,0,0,0,1,0,0,0,0,0,0,0,0,0,0,4,4,0,0.0,0.0,0.0,1.0,0.0,0.0,10,10,1.0,0.0,0.1,0.0,0.0,0.0,0.0,0.0
0.015,tcp,http,SF,54,0,0,0,0,0,0,1,0,0,0,0,0,0,0,0,0,0,2,2,0,0.0,0.0,0.0,1.0,0.0,0.0,10,10,1.0,0.0,0.1,0.0,0.0,0.0,0.0,0.0
0.021,tcp,http,SF,1494,0,0,0,0,0,0,1,0,0,0,0,0,0,0,0,0,0,3,3,0,0.0,0.0,0.0,1.0,0.0,0.0,10,10,1.0,0.0,0.1,0.0,0.0,0.0,0.0,0.0
0.025,tcp,http,SF,1494,0,0,0,0,0,0,1,0,0,0,0,0,0,0,0,0,0,4,4,0,0.0,0.0,0.0,1.0,0.0,0.0,10,10,1.0,0.0,0.1,0.0,0.0,0.0,0.0,0.0
0.031,tcp,http,SF,814,0,0,0,0,0,0,1,0,0,0,0,0,0,0,0,0,0,5,5,0,0.0,0.0,0.0,1.0,0.0,0.0,10,10,1.0,0.0,0.1,0.0,0.0,0.0,0.0,0.0
0.264,udp,http,SF,64,0,0,0,0,0,0,1,0,0,0,0,0,0,0,0,0,0,2,2,0,0.0,0.0,0.0,1.0,0.0,0.0,10,10,1.0,0.0,0.1,0.0,0.0,0.0,0.0,0.0
0.0,udp,http,SF,92,0,0,0,0,0,0,1,0,0,0,0,0,0,0,0,0,0,1,1,0,0.0,0.0,0.0,1.0,0.0,0.0,10,10,1.0,0.0,0.1,0.0,0.0,0.0,0.0,0.0
0.0,udp,http,SF,103,0,0,0,0,0,0,1,0,0,0,0,0,0,0,0,0,0,1,1,0,0.0,0.0,0.0,1.0,0.0,0.0,10,10,1.0,0.0,0.1,0.0,0.0,0.0,0.0,0.0
0.269,tcp,http,SF,54,0,0,0,0,0,0,1,0,0,0,0,0,0,0,0,0,0,5,5,0,0.0,0.0,0.0,1.0,0.0,0.0,10,10,1.0,0.0,0.1,0.0,0.0,0.0,0.0,0.0
0.273,tcp,http,SF,157,0,0,0,0,0,0,1,0,0,0,0,0,0,0,0,0,0,6,6,0,0.0,0.0,0.0,1.0,0.0,0.0,10,10,1.0,0.0,0.1,0.0,0.0,0.0,0.0,0.0
0.276,tcp,http,SF,519,0,0,0,0,0,0,1,0,0,0,0,0,0,0,0,0,0,7,7,0,0.0,0.0,0.0,1.0,0.0,0.0,10,10,1.0,0.0,0.1,0.0,0.0,0.0,0.0,0.0
0.272,tcp,http,SF,54,0,0,0,0,0,0,1,0,0,0,0,0,0,0,0,0,0,6,6,0,0.0,0.0,0.0,1.0,0.0,0.0,10,10,1.0,0.0,0.1,0.0,0.0,0.0,0.0,0.0
0.275,tcp,http,SF,78,0,0,0,0,0,0,1,0,0,0,0,0,0,0,0,0,0,7,7,0,0.0,0.0,0.0,1.0,0.0,0.0,10,10,1.0,0.0,0.1,0.0,0.0,0.0,0.0,0.0
0.277,tcp,http,SF,54,0,0,0,0,0,0,1,0,0,0,0,0,0,0,0,0,0,8,8,0,0.0,0.0,0.0,1.0,0.0,0.0,10,10,1.0,0.0,0.1,0.0,0.0,0.0,0.0,0.0
0.0,udp,http,SF,92,0,0,0,0,0,0,1,0,0,0,0,0,0,0,0,0,0,2,2,0,0.0,0.0,0.0,1.0,0.0,0.0,10,10,1.0,0.0,0.1,0.0,0.0,0.0,0.0,0.0
0.0,udp,http,SF,83,0,0,0,0,0,0,1,0,0,0,0,0,0,0,0,0,0,2,2,0,0.0,0.0,0.0,1.0,0.0,0.0,10,10,1.0,0.0,0.1,0.0,0.0,0.0,0.0,0.0
0.003,udp,http,SF,86,0,0,0,0,0,0,1,0,0,0,0,0,0,0,0,0,0,3,3,0,0.0,0.0,0.0,1.0,0.0,0.0,10,10,1.0,0.0,0.1,0.0,0.0,0.0,0.0,0.0
0.006,udp,http,SF,265,0,0,0,0,0,0,1,0,0,0,0,0,0,0,0,0,0,4,4,0,0.0,0.0,0.0,1.0,0.0,0.0,10,10,1.0,0.0,0.1,0.0,0.0,0.0,0.0,0.0
0.011,udp,http,SF,274,0,0,0,0,0,0,1,0,0,0,0,0,0,0,0,0,0,5,5,0,0.0,0.0,0.0,1.0,0.0,0.0,10,10,1.0,0.0,0.1,0.0,0.0,0.0,0.0,0.0
0.013,udp,http,SF,92,0,0,0,0,0,0,1,0,0,0,0,0,0,0,0,0,0,3,3,0,0.0,0.0,0.0,1.0,0.0,0.0,10,10,1.0,0.0,0.1,0.0,0.0,0.0,0.0,0.0
0.0,udp,http,SF,291,0,0,0,0,0,0,1,0,0,0,0,0,0,0,0,0,0,6,6,0,0.0,0.0,0.0,1.0,0.0,0.0,10,10,1.0,0.0,0.1,0.0,0.0,0.0,0.0,0.0
0.0,udp,http,SF,469,0,0,0,0,0,0,1,0,0,0,0,0,0,0,0,0,0,7,7,0,0.0,0.0,0.0,1.0,0.0,0.0,10,10,1.0,0.0,0.1,0.0,0.0,0.0,0.0,0.0
0.0,udp,http,SF,153,0,0,0,0,0,0,1,0,0,0,0,0,0,0,0,0,0,1,1,0,0.0,0.0,0.0,1.0,0.0,0.0,10,10,1.0,0.0,0.1,0.0,0.0,0.0,0.0,0.0
0.0,udp,http,SF,335,0,0,0,0,0,0,1,0,0,0,0,0,0,0,0,0,0,8,8,0,0.0,0.0,0.0,1.0,0.0,0.0,10,10,1.0,0.0,0.1,0.0,0.0,0.0,0.0,0.0
0.002,udp,http,SF,344,0,0,0,0,0,0,1,0,0,0,0,0,0,0,0,0,0,9,9,0,0.0,0.0,0.0,1.0,0.0,0.0,10,10,1.0,0.0,0.1,0.0,0.0,0.0,0.0,0.0
0.316,tcp,http,SF,54,0,0,0,0,0,0,1,0,0,0,0,0,0,0,0,0,0,8,8,0,0.0,0.0,0.0,1.0,0.0,0.0,10,10,1.0,0.0,0.1,0.0,0.0,0.0,0.0,0.0
0.0,tcp,http,SF,173,0,0,0,0,0,0,1,0,0,0,0,0,0,0,0,0,0,9,1,0,0.0,0.0,0.0,1.0,0.0,0.0,10,10,1.0,0.0,0.1,0.0,0.0,0.0,0.0,0.0
0.0,tcp,http,SF,54,0,0,0,0,0,0,1,0,0,0,0,0,0,0,0,0,0,1,1,0,0.0,0.0,0.0,1.0,0.0,0.0,10,10,1.0,0.0,0.1,0.0,0.0,0.0,0.0,0.0
0.006,tcp,http,SF,137,0,0,0,0,0,0,1,0,0,0,0,0,0,0,0,0,0,10,2,0,0.0,0.0,0.0,1.0,0.0,0.0,10,10,1.0,0.0,0.1,0.0,0.0,0.0,0.0,0.0
0.005,tcp,http,SF,54,0,0,0,0,0,0,1,0,0,0,0,0,0,0,0,0,0,2,2,0,0.0,0.0,0.0,1.0,0.0,0.0,10,10,1.0,0.0,0.1,0.0,0.0,0.0,0.0,0.0
0.0,udp,http,SF,495,0,0,0,0,0,0,1,0,0,0,0,0,0,0,0,0,0,10,10,0,0.0,0.0,0.0,1.0,0.0,0.0,10,10,1.0,0.0,0.1,0.0,0.0,0.0,0.0,0.0
0.0,udp,http,SF,87,0,0,0,0,0,0,1,0,0,0,0,0,0,0,0,0,0,11,11,0,0.0,0.0,0.0,1.0,0.0,0.0,10,10,1.0,0.0,0.1,0.0,0.0,0.0,0.0,0.0
0.0,udp,http,SF,110,0,0,0,0,0,0,1,0,0,0,0,0,0,0,0,0,0,4,4,0,0.0,0.0,0.0,1.0,0.0,0.0,10,10,1.0,0.0,0.1,0.0,0.0,0.0,0.0,0.0
0.002,udp,http,SF,110,0,0,0,0,0,0,1,0,0,0,0,0,0,0,0,0,0,5,5,0,0.0,0.0,0.0,1.0,0.0,0.0,10,10,1.0,0.0,0.1,0.0,0.0,0.0,0.0,0.0
0.002,udp,http,SF,110,0,0,0,0,0,0,1,0,0,0,0,0,0,0,0,0,0,6,6,0,0.0,0.0,0.0,1.0,0.0,0.0,10,10,1.0,0.0,0.1,0.0,0.0,0.0,0.0,0.0
0.0,udp,http,SF,70,0,0,0,0,0,0,1,0,0,0,0,0,0,0,0,0,0,1,1,0,0.0,0.0,0.0,1.0,0.0,0.0,10,10,1.0,0.0,0.1,0.0,0.0,0.0,0.0,0.0
0.0,udp,http,SF,56,0,0,0,0,0,0,1,0,0,0,0,0,0,0,0,0,0,7,1,0,0.0,0.0,0.0,1.0,0.0,0.0,10,10,1.0,0.0,0.1,0.0,0.0,0.0,0.0,0.0
0.002,udp,http,SF,70,0,0,0,0,0,0,1,0,0,0,0,0,0,0,0,0,0,2,2,0,0.0,0.0,0.0,1.0,0.0,0.0,10,10,1.0,0.0,0.1,0.0,0.0,0.0,0.0,0.0
0.004,udp,http,SF,56,0,0,0,0,0,0,1,0,0,0,0,0,0,0,0,0,0,3,1,0,0.0,0.0,0.0,1.0,0.0,0.0,10,10,1.0,0.0,0.1,0.0,0.0,0.0,0.0,0.0
0.004,udp,http,SF,70,0,0,0,0,0,0,1,0,0,0,0,0,0,0,0,0,0,8,1,0,0.0,0.0,0.0,1.0,0.0,0.0,10,10,1.0,0.0,0.1,0.0,0.0,0.0,0.0,0.0
0.005,udp,http,SF,70,0,0,0,0,0,0,1,0,0,0,0,0,0,0,0,0,0,9,2,0,0.0,0.0,0.0,1.0,0.0,0.0,10,10,1.0,0.0,0.1,0.0,0.0,0.0,0.0,0.0
0.007,udp,http,SF,125,0,0,0,0,0,0,1,0,0,0,0,0,0,0,0,0,0,4,1,0,0.0,0.0,0.0,1.0,0.0,0.0,10,10,1.0,0.0,0.1,0.0,0.0,0.0,0.0,0.0
0.008,udp,http,SF,56,0,0,0,0,0,0,1,0,0,0,0,0,0,0,0,0,0,5,2,0,0.0,0.0,0.0,1.0,0.0,0.0,10,10,1.0,0.0,0.1,0.0,0.0,0.0,0.0,0.0
0.009,udp,http,SF,70,0,0,0,0,0,0,1,0,0,0,0,0,0,0,0,0,0,6,3,0,0.0,0.0,0.0,1.0,0.0,0.0,10,10,1.0,0.0,0.1,0.0,0.0,0.0,0.0,0.0
0.011,udp,http,SF,70,0,0,0,0,0,0,1,0,0,0,0,0,0,0,0,0,0,7,4,0,0.0,0.0,0.0,1.0,0.0,0.0,10,10,1.0,0.0,0.1,0.0,0.0,0.0,0.0,0.0
0.012,udp,http,SF,125,0,0,0,0,0,0,1,0,0,0,0,0,0,0,0,0,0,8,2,0,0.0,0.0,0.0,1.0,0.0,0.0,10,10,1.0,0.0,0.1,0.0,0.0,0.0,0.0,0.0
0.013,udp,http,SF,56,0,0,0,0,0,0,1,0,0,0,0,0,0,0,0,0,0,9,3,0,0.0,0.0,0.0,1.0,0.0,0.0,10,10,1.0,0.0,0.1,0.0,0.0,0.0,0.0,0.0
0.014,udp,http,SF,70,0,0,0,0,0,0,1,0,0,0,0,0,0,0,0,0,0,10,5,0,0.0,0.0,0.0,1.0,0.0,0.0,10,10,1.0,0.0,0.1,0.0,0.0,0.0,0.0,0.0
0.015,udp,http,SF,70,0,0,0,0,0,0,1,0,0,0,0,0,0,0,0,0,0,11,6,0,0.0,0.0,0.0,1.0,0.0,0.0,10,10,1.0,0.0,0.1,0.0,0.0,0.0,0.0,0.0
0.016,udp,http,SF,125,0,0,0,0,0,0,1,0,0,0,0,0,0,0,0,0,0,12,3,0,0.0,0.0,0.0,1.0,0.0,0.0,10,10,1.0,0.0,0.1,0.0,0.0,0.0,0.0,0.0
0.017,udp,http,SF,125,0,0,0,0,0,0,1,0,0,0,0,0,0,0,0,0,0,13,4,0,0.0,0.0,0.0,1.0,0.0,0.0,10,10,1.0,0.0,0.1,0.0,0.0,0.0,0.0,0.0
0.0,udp,http,SF,82,0,0,0,0,0,0,1,0,0,0,0,0,0,0,0,0,0,12,12,0,0.0,0.0,0.0,1.0,0.0,0.0,10,10,1.0,0.0,0.1,0.0,0.0,0.0,0.0,0.0
0.0,udp,http,SF,216,0,0,0,0,0,0,1,0,0,0,0,0,0,0,0,0,0,10,1,0,0.0,0.0,0.0,1.0,0.0,0.0,10,10,1.0,0.0,0.1,0.0,0.0,0.0,0.0,0.0
0.001,udp,http,SF,92,0,0,0,0,0,0,1,0,0,0,0,0,0,0,0,0,0,11,7,0,0.0,0.0,0.0,1.0,0.0,0.0,10,10,1.0,0.0,0.1,0.0,0.0,0.0,0.0,0.0
0.0,udp,http,SF,698,0,0,0,0,0,0,1,0,0,0,0,0,0,0,0,0,0,1,1,0,0.0,0.0,0.0,1.0,0.0,0.0,10,10,1.0,0.0,0.1,0.0,0.0,0.0,0.0,0.0
0.0,udp,http,SF,211,0,0,0,0,0,0,1,0,0,0,0,0,0,0,0,0,0,13,13,0,0.0,0.0,0.0,1.0,0.0,0.0,10,10,1.0,0.0,0.1,0.0,0.0,0.0,0.0,0.0
0.249,udp,http,SF,92,0,0,0,0,0,0,1,0,0,0,0,0,0,0,0,0,0,12,8,0,0.0,0.0,0.0,1.0,0.0,0.0,10,10,1.0,0.0,0.1,0.0,0.0,0.0,0.0,0.0
0.25,udp,http,SF,92,0,0,0,0,0,0,1,0,0,0,0,0,0,0,0,0,0,13,9,0,0.0,0.0,0.0,1.0,0.0,0.0,10,10,1.0,0.0,0.1,0.0,0.0,0.0,0.0,0.0
0.0,udp,http,SF,222,0,0,0,0,0,0,1,0,0,0,0,0,0,0,0,0,0,14,14,0,0.0,0.0,0.0,1.0,0.0,0.0,10,10,1.0,0.0,0.1,0.0,0.0,0.0,0.0,0.0
0.0,udp,http,SF,119,0,0,0,0,0,0,1,0,0,0,0,0,0,0,0,0,0,15,15,0,0.0,0.0,0.0,1.0,0.0,0.0,10,10,1.0,0.0,0.1,0.0,0.0,0.0,0.0,0.0
0.774,udp,http,SF,103,0,0,0,0,0,0,1,0,0,0,0,0,0,0,0,0,0,16,16,0,0.0,0.0,0.0,1.0,0.0,0.0,10,10,1.0,0.0,0.1,0.0,0.0,0.0,0.0,0.0
0.0,udp,http,SF,86,0,0,0,0,0,0,1,0,0,0,0,0,0,0,0,0,0,14,1,0,0.0,0.0,0.0,1.0,0.0,0.0,10,10,1.0,0.0,0.1,0.0,0.0,0.0,0.0,0.0
0.703,udp,http,SF,70,0,0,0,0,0,0,1,0,0,0,0,0,0,0,0,0,0,14,7,0,0.0,0.0,0.0,1.0,0.0,0.0,10,10,1.0,0.0,0.1,0.0,0.0,0.0,0.0,0.0
0.702,udp,http,SF,56,0,0,0,0,0,0,1,0,0,0,0,0,0,0,0,0,0,15,2,0,0.0,0.0,0.0,1.0,0.0,0.0,10,10,1.0,0.0,0.1,0.0,0.0,0.0,0.0,0.0
0.705,udp,http,SF,56,0,0,0,0,0,0,1,0,0,0,0,0,0,0,0,0,0,15,4,0,0.0,0.0,0.0,1.0,0.0,0.0,10,10,1.0,0.0,0.1,0.0,0.0,0.0,0.0,0.0
0.705,udp,http,SF,70,0,0,0,0,0,0,1,0,0,0,0,0,0,0,0,0,0,16,3,0,0.0,0.0,0.0,1.0,0.0,0.0,10,10,1.0,0.0,0.1,0.0,0.0,0.0,0.0,0.0
0.707,udp,http,SF,70,0,0,0,0,0,0,1,0,0,0,0,0,0,0,0,0,0,16,8,0,0.0,0.0,0.0,1.0,0.0,0.0,10,10,1.0,0.0,0.1,0.0,0.0,0.0,0.0,0.0
0.708,udp,http,SF,70,0,0,0,0,0,0,1,0,0,0,0,0,0,0,0,0,0,17,9,0,0.0,0.0,0.0,1.0,0.0,0.0,10,10,1.0,0.0,0.1,0.0,0.0,0.0,0.0,0.0
0.71,udp,http,SF,70,0,0,0,0,0,0,1,0,0,0,0,0,0,0,0,0,0,18,10,0,0.0,0.0,0.0,1.0,0.0,0.0,10,10,1.0,0.0,0.1,0.0,0.0,0.0,0.0,0.0
0.711,udp,http,SF,56,0,0,0,0,0,0,1,0,0,0,0,0,0,0,0,0,0,19,5,0,0.0,0.0,0.0,1.0,0.0,0.0,10,10,1.0,0.0,0.1,0.0,0.0,0.0,0.0,0.0
0.712,udp,http,SF,125,0,0,0,0,0,0,1,0,0,0,0,0,0,0,0,0,0,20,5,0,0.0,0.0,0.0,1.0,0.0,0.0,10,10,1.0,0.0,0.1,0.0,0.0,0.0,0.0,0.0
0.713,udp,http,SF,70,0,0,0,0,0,0,1,0,0,0,0,0,0,0,0,0,0,21,11,0,0.0,0.0,0.0,1.0,0.0,0.0,10,10,1.0,0.0,0.1,0.0,0.0,0.0,0.0,0.0
0.714,udp,http,SF,56,0,0,0,0,0,0,1,0,0,0,0,0,0,0,0,0,0,22,6,0,0.0,0.0,0.0,1.0,0.0,0.0,10,10,1.0,0.0,0.1,0.0,0.0,0.0,0.0,0.0
0.0,udp,http,SF,216,0,0,0,0,0,0,1,0,0,0,0,0,0,0,0,0,0,17,2,0,0.0,0.0,0.0,1.0,0.0,0.0,10,10,1.0,0.0,0.1,0.0,0.0,0.0,0.0,0.0
0.715,udp,http,SF,70,0,0,0,0,0,0,1,0,0,0,0,0,0,0,0,0,0,18,4,0,0.0,0.0,0.0,1.0,0.0,0.0,10,10,1.0,0.0,0.1,0.0,0.0,0.0,0.0,0.0
0.718,udp,http,SF,56,0,0,0,0,0,0,1,0,0,0,0,0,0,0,0,0,0,23,7,0,0.0,0.0,0.0,1.0,0.0,0.0,10,10,1.0,0.0,0.1,0.0,0.0,0.0,0.0,0.0
0.719,udp,http,SF,70,0,0,0,0,0,0,1,0,0,0,0,0,0,0,0,0,0,24,12,0,0.0,0.0,0.0,1.0,0.0,0.0,10,10,1.0,0.0,0.1,0.0,0.0,0.0,0.0,0.0
0.721,udp,http,SF,125,0,0,0,0,0,0,1,0,0,0,0,0,0,0,0,0,0,25,6,0,0.0,0.0,0.0,1.0,0.0,0.0,10,10,1.0,0.0,0.1,0.0,0.0,0.0,0.0,0.0
0.722,udp,http,SF,70,0,0,0,0,0,0,1,0,0,0,0,0,0,0,0,0,0,26,13,0,0.0,0.0,0.0,1.0,0.0,0.0,10,10,1.0,0.0,0.1,0.0,0.0,0.0,0.0,0.0
0.723,udp,http,SF,70,0,0,0,0,0,0,1,0,0,0,0,0,0,0,0,0,0,27,14,0,0.0,0.0,0.0,1.0,0.0,0.0,10,10,1.0,0.0,0.1,0.0,0.0,0.0,0.0,0.0
0.724,udp,http,SF,125,0,0,0,0,0,0,1,0,0,0,0,0,0,0,0,0,0,28,7,0,0.0,0.0,0.0,1.0,0.0,0.0,10,10,1.0,0.0,0.1,0.0,0.0,0.0,0.0,0.0
0.725,udp,http,SF,125,0,0,0,0,0,0,1,0,0,0,0,0,0,0,0,0,0,29,8,0,0.0,0.0,0.0,1.0,0.0,0.0,10,10,1.0,0.0,0.1,0.0,0.0,0.0,0.0,0.0
0.727,udp,http,SF,125,0,0,0,0,0,0,1,0,0,0,0,0,0,0,0,0,0,30,9,0,0.0,0.0,0.0,1.0,0.0,0.0,10,10,1.0,0.0,0.1,0.0,0.0,0.0,0.0,0.0
0.765,udp,http,SF,291,0,0,0,0,0,0,1,0,0,0,0,0,0,0,0,0,0,17,17,0,0.0,0.0,0.0,1.0,0.0,0.0,10,10,1.0,0.0,0.1,0.0,0.0,0.0,0.0,0.0
0.0,udp,http,SF,148,0,0,0,0,0,0,1,0,0,0,0,0,0,0,0,0,0,2,2,0,0.0,0.0,0.0,1.0,0.0,0.0,10,10,1.0,0.0,0.1,0.0,0.0,0.0,0.0,0.0
0.001,udp,http,SF,148,0,0,0,0,0,0,1,0,0,0,0,0,0,0,0,0,0,3,3,0,0.0,0.0,0.0,1.0,0.0,0.0,10,10,1.0,0.0,0.1,0.0,0.0,0.0,0.0,0.0
0.002,udp,http,SF,148,0,0,0,0,0,0,1,0,0,0,0,0,0,0,0,0,0,4,4,0,0.0,0.0,0.0,1.0,0.0,0.0,10,10,1.0,0.0,0.1,0.0,0.0,0.0,0.0,0.0
0.756,udp,http,SF,211,0,0,0,0,0,0,1,0,0,0,0,0,0,0,0,0,0,18,18,0,0.0,0.0,0.0,1.0,0.0,0.0,10,10,1.0,0.0,0.1,0.0,0.0,0.0,0.0,0.0
0.0,udp,http,SF,151,0,0,0,0,0,0,1,0,0,0,0,0,0,0,0,0,0,19,19,0,0.0,0.0,0.0,1.0,0.0,0.0,10,10,1.0,0.0,0.1,0.0,0.0,0.0,0.0,0.0
0.0,udp,http,SF,167,0,0,0,0,0,0,1,0,0,0,0,0,0,0,0,0,0,2,1,0,0.0,0.0,0.0,1.0,0.0,0.0,10,10,1.0,0.0,0.1,0.0,0.0,0.0,0.0,0.0
0.775,udp,http,SF,92,0,0,0,0,0,0,1,0,0,0,0,0,0,0,0,0,0,19,10,0,0.0,0.0,0.0,1.0,0.0,0.0,10,10,1.0,0.0,0.1,0.0,0.0,0.0,0.0,0.0
0.0,udp,http,SF,143,0,0,0,0,0,0,1,0,0,0,0,0,0,0,0,0,0,3,2,0,0.0,0.0,0.0,1.0,0.0,0.0,10,10,1.0,0.0,0.1,0.0,0.0,0.0,0.0,0.0
0.001,udp,http,SF,179,0,0,0,0,0,0,1,0,0,0,0,0,0,0,0,0,0,4,3,0,0.0,0.0,0.0,1.0,0.0,0.0,10,10,1.0,0.0,0.1,0.0,0.0,0.0,0.0,0.0
0.0,udp,http,SF,107,0,0,0,0,0,0,1,0,0,0,0,0,0,0,0,0,0,1,1,0,0.0,0.0,0.0,1.0,0.0,0.0,10,10,1.0,0.0,0.1,0.0,0.0,0.0,0.0,0.0